(8, 16)
[[ 0.01630273 -0.33749485 -0.5603455  -0.61109036 -0.6104773   0.33927277
   0.0596651  -0.65951884  0.29710847 -1.2253851   0.306933   -0.08151674
   0.03057282  0.35994765  0.42111272 -0.54386026]
 [ 0.5602126  -0.00872495  0.25348967 -0.14026107 -0.45085216 -0.58241236
   0.6323921  -0.32371876  0.83566684  0.61599195 -0.46319985 -0.07367354
   0.03857853  0.44081604  0.2691242   0.31751174]
 [-0.71407086  0.4285029   0.25704825 -0.1137238  -0.5246494  -0.6390958
  -0.4049984  -0.5591696  -0.37120444  0.19627263  0.32968715 -0.0115771
   0.25501332  0.15036497 -0.261375    0.18631756]
 [-0.00560389 -0.27379525  0.02475169 -0.24117911 -0.02029425 -0.02679913
  -0.03225813  0.06784059  0.08820296 -0.05214151  0.22863783  0.07333398
   0.07322321  0.04939071  0.19168037  0.06713842]
 [-0.05461102 -0.10589508 -0.02238628 -0.03468872  0.04523068 -0.05563318
  -0.057165   -0.04319163  0.09260918  0.00330139 -0.2231815  -0.26007518
   0.2381673  -0.05375059  0.20060273  0.00513822]
 [-0.07331776  0.3266176  -0.1725841  -0.01416292  0.00756674 -0.09376283
   0.11389234 -0.06420082 -0.01955547  0.01889725  0.12301077 -0.07344193
   0.31893593 -0.0705612  -0.1172829   0.05052679]
 [ 0.06036419  0.37613225  0.13853626 -0.45400447  0.11391502  0.03619387
   0.06492132  0.08147072  0.08846236  0.0349648  -0.38359237 -0.02436022
  -0.7501839  -0.03384338  0.6014597  -0.06396151]
 [-0.36441836  0.07615867  0.44575143  0.5262241   0.21451408  0.6296231
  -0.5128207  -0.28540704  0.64186716 -0.11077754  0.25802997 -0.12928239
   0.7100979   0.38589245 -0.22732814  0.22299315]]
[ 0.14872867  0.2719102   0.3829001   0.22214091  0.01696108  0.12361192
  0.35134572  0.0914691  -0.0197183   0.06323541  0.14088772  0.47389388
  0.64093405  0.16602081  0.5375374  -0.09033512]
(16, 16)
[[-0.97036576 -0.04580407  0.31871238 -0.12773393 -0.37765783  0.47255987
   0.35673285 -0.8593608  -0.08021595  0.1074943   0.22688133  0.28575954
  -0.64184463 -0.0889046   0.09189697  0.03868843]
 [ 0.02229553 -0.05075182 -0.26283398  0.04488186  0.03639134  0.24729086
  -0.18787284 -0.13497573  0.27316663 -0.22169402 -0.1619543  -0.20975503
   0.34357587 -0.1870681   0.01959787 -0.19019455]
 [ 0.00711407  0.42103216 -0.41927892  0.16276191 -0.39860666 -0.04045279
   0.11441094  0.0641239   0.00361804 -0.4886043   0.05509866  0.12586863
   0.40844843  0.34457505  0.08579177 -0.22098245]
 [-0.02340073 -0.54080844 -0.4535608  -0.73438156  0.62050015 -0.0386042
  -0.11348936 -0.19986525  0.29225844 -0.03754848 -0.10790072  0.27360865
  -0.35916942  0.21503265 -0.0784214  -0.3969527 ]
 [ 0.04697317  0.04457994  0.18241853 -0.8441939   0.3527298   0.31200388
  -0.24448869  0.14113948  0.00488824 -0.16388966 -1.0098798   0.09560012
  -0.05391662  0.09027489 -0.60333437  0.70594776]
 [ 0.05732866 -1.2631854   0.18187135  0.12616993  0.30694336  0.12395198
  -0.47215003 -0.07609211  0.4350881   0.27340403 -0.30096483 -1.3515341
  -0.13893516  0.24688342 -0.16352989 -0.2611653 ]
 [-0.45203176  0.01156259 -0.00474128  0.08150526  0.45530605 -0.22547045
   0.21656206 -0.06172062 -0.49614057  0.3581305   0.5671483   0.21535026
  -0.9507458  -0.6005164  -0.2839797   0.02984753]
 [ 0.48437157  0.6014432  -0.32752144 -0.89443904  0.02170573  0.26131514
   0.43404546  0.36516428  0.13966368 -0.10409853 -0.7540165   0.36378527
  -0.03958175 -0.30997118  0.18830551  0.00977965]
 [ 0.28887194 -0.44723666  0.28733066 -0.24693137  0.28384584 -0.3645691
  -0.39438906 -0.88176507 -0.0293122  -0.7802092  -0.5821699   0.01753183
  -0.1936644   0.2549483   0.10577361 -0.20210592]
 [-0.2135946   0.12810275 -0.2924413  -0.4225015   0.16242474  0.0062083
   0.38935682 -0.4383246   0.15488777 -1.601822   -0.37263364  0.19621108
  -0.44975725  0.3245152   0.2896278   0.15706424]
 [-0.32747814 -0.6493021  -0.54693097 -0.3881228   0.4379055   0.03848397
  -0.2935519  -0.42909914  0.15795141  0.212535   -0.40394625 -0.18248805
  -0.06562601 -0.0024721   0.00497451  0.4552057 ]
 [ 0.734113    0.4328214   0.26496214  0.25532207 -0.02412442  0.01485743
  -0.33557034  0.39187235  0.4780754   0.09441063  0.00352566  0.31490433
   0.07580926 -0.07241476 -0.22096239  0.27046633]
 [-0.17069343  0.03355889  0.06954306  0.11626782  0.6096525   0.05055155
   0.11995008 -0.03580101  0.0871555  -0.09567993 -0.19983165 -0.23233259
  -0.04790292  0.44495818  0.54243594  0.48755258]
 [-1.3099475  -0.05333186  0.18536505  0.18345134  0.38598943 -0.21297264
   0.20844747 -0.8582949   0.2618417  -0.14526986  0.15022163 -0.8116292
  -0.31032664  0.45582634  0.21162643  0.11813653]
 [-0.08746136 -0.19749816  0.04668555  0.17731483 -0.33210534  0.4040405
  -0.0376394   0.024219   -0.38974482  0.3272262   0.10795744 -0.12501524
   0.32068104 -0.08171387  0.11318727  0.08165424]
 [-0.6652999  -0.25911582  0.09717416  0.29557648 -0.18417403 -0.16342612
  -0.82673067  0.04971097 -0.28941384  0.06222583  0.37579954 -0.4711664
   0.17723666 -0.4618955  -0.30124497  0.49601376]]
[ 0.06436221  0.21132545  0.28602043  0.11797087  0.07730278 -0.05601426
  0.19951071  0.42893168  0.23987237  0.29473025  0.20250037  0.01579235
  0.25356394 -0.03992301  0.13095297 -0.01878795]
(16, 4)
[[ 0.3607095   0.63850445 -0.46495628  0.4724185 ]
 [-0.5854709   0.22469634  0.58596665 -0.19452961]
 [ 0.3453227  -0.26107594 -0.5284044   0.18232796]
 [ 0.8351409   0.16673923  0.43278134 -0.08352074]
 [-0.26904333 -0.07523656  0.5428947   0.28795636]
 [-0.3458508   0.50203764 -0.23714843 -0.46606222]
 [-0.88562137  0.948072   -0.5856118   0.34066093]
 [-0.3578347  -1.368173    0.08940201 -0.5036656 ]
 [-0.13385828 -0.40927273 -0.06970999  0.22150967]
 [ 0.69843465 -0.32202277 -0.1908468   0.1448378 ]
 [ 0.73518384  0.9166963   0.36859876 -0.26597574]
 [ 0.3244297  -0.37012824 -0.43810347  0.21144356]
 [ 0.16898614 -0.38128588  0.54411894  0.2057169 ]
 [ 0.01505526  0.28171828 -0.4477357   0.2925889 ]
 [ 0.00800195  0.59666735  0.35879147  0.12296772]
 [ 0.74886984 -0.11093722 -0.04309595  0.08376098]]
[-0.1916375  -0.11844534  0.09684476  0.18219915]
